27
Alitta_virens|GINI01069748.1|p1                                                         0.0000000 1.7216130 1.0047710 1.4121508 1.6216239 1.5682174 1.6557535 1.6606206 0.9316370 1.1911408 0.9388567 1.1127738 1.6068363 1.5918179 1.6451664 1.2363285 1.0385284 0.9031810 0.9447502 0.9376554 1.7679570 1.7364177 1.0623573 1.4472976 0.2690340 1.5772191 1.4721909 
Amphimedon_queenslandica|XP_003387525.1|PREDICTED                                       1.7216130 0.0000000 1.9770622 1.7035897 1.6343748 1.1460213 1.2990174 1.2465888 1.8234890 1.7238724 1.7762584 1.8606965 0.8605873 1.8220219 1.7245002 1.4534330 1.6811065 1.6574512 1.9246385 1.8682333 0.9186706 0.8865192 1.6487404 1.7742961 1.8251413 2.2107060 2.2071677 
Amynthas_gracilis|GIKF01022106.1|p2                                                     1.0047710 1.9770622 0.0000000 1.4924962 1.8950649 1.8323965 1.7864884 1.8572522 0.4132473 1.0266918 0.4077574 0.9907991 1.7539420 2.0151805 2.1028559 1.3715460 1.1061971 0.5781065 0.3683151 0.3697401 1.9066254 1.9108360 1.1654288 1.6054607 1.1278838 1.6944068 1.6661708 
Arabidopsis_thaliana|NP_001078579.1|sterol_methyltransferase_1|OUTGROUP                 1.4121508 1.7035897 1.4924962 0.0000000 1.9913189 1.6232029 1.6199037 1.5055678 1.3931203 1.4127641 1.4607260 1.4925745 1.9449461 2.0741471 2.1996142 1.4710834 1.2701677 1.3825344 1.4566839 1.4535655 2.0248258 1.8808318 1.3222125 0.5812503 1.4854969 1.2812101 1.2280193 
Chondrilla_nucula|comp86071_c0_seq1|p1                                                  1.6216239 1.6343748 1.8950649 1.9913189 0.0000000 1.4085916 1.6792931 1.5364279 1.7635425 2.0329083 1.7660168 1.9636168 1.5957313 0.2310023 0.3588633 1.5040052 1.8854102 1.7412122 1.7897230 1.7374634 1.5553530 1.7928554 1.7490242 2.0577732 1.9093213 2.0462441 2.1440113 
Cymbastela_stipitata|GHWA01019167.1|p1                                                  1.5682174 1.1460213 1.8323965 1.6232029 1.4085916 0.0000000 0.3967568 0.1310397 1.6885586 1.7414750 1.8370601 1.6205094 1.1230936 1.5144121 1.5076193 1.5785958 1.5497044 1.6222398 1.7651797 1.7467630 1.0226719 1.0075591 1.5808962 1.5407349 1.7522950 1.8399005 1.8219249 
Cymbastela_stipitata|GHWA01019168.1|p1                                                  1.6557535 1.2990174 1.7864884 1.6199037 1.6792931 0.3967568 0.0000000 0.2087652 1.6786570 1.7736313 1.8749440 1.7565375 1.2213464 1.7139936 1.6862220 1.6950751 1.8352017 1.8082256 1.8335957 1.8170286 0.9655861 1.0098546 1.8981167 1.6724114 1.7970931 1.8479291 2.0248186 
Cymbastela_stipitata|GHWA01019169.1|p1                                                  1.6606206 1.2465888 1.8572522 1.5055678 1.5364279 0.1310397 0.2087652 0.0000000 1.7587771 1.7876781 1.9036244 1.7195809 1.2339731 1.5840007 1.6163120 1.5800963 1.6771524 1.7394244 1.8504266 1.8326629 1.0163702 1.0467407 1.6845867 1.6145922 1.8131929 1.8567683 1.8295111 
Eisenia_fetida|GIKG01135343.1|p1                                                        0.9316370 1.8234890 0.4132473 1.3931203 1.7635425 1.6885586 1.6786570 1.7587771 0.0000000 0.8066841 0.2557584 0.7501045 1.6601422 1.8426159 1.8780356 1.3079179 0.9814943 0.3950719 0.1776155 0.1547534 1.6795916 1.6661154 0.9990686 1.5211861 1.0056787 1.5744283 1.5360418 
Enchytraeus_albidus|GJSG01022432.1|p1                                                   1.1911408 1.7238724 1.0266918 1.4127641 2.0329083 1.7414750 1.7736313 1.7876781 0.8066841 0.0000000 0.8827643 0.8491561 1.7260371 2.1376892 2.1862043 1.5872262 0.9104847 0.7703503 0.7571261 0.7509298 1.7720009 1.7532641 0.9512330 1.5047237 1.2149584 1.9631617 1.8966604 
Glossoscolex_paulistus|GBIL01031091.1|p1                                                0.9388567 1.7762584 0.4077574 1.4607260 1.7660168 1.8370601 1.8749440 1.9036244 0.2557584 0.8827643 0.0000000 0.8180850 1.6903483 1.9554344 1.9427266 1.3051187 0.9520439 0.4410299 0.2604427 0.2552944 1.8497872 1.7605898 0.9729848 1.4908178 1.0178878 1.7843964 1.7360644 
Glossoscolex_paulistus|GBIL01037864.1|p1                                                1.1127738 1.8606965 0.9907991 1.4925745 1.9636168 1.6205094 1.7565375 1.7195809 0.7501045 0.8491561 0.8180850 0.0000000 1.6043953 1.9893552 1.9667089 1.2911144 0.9189476 0.7837899 0.7540372 0.7221919 1.7490157 1.7050496 0.9268401 1.4693062 1.1796124 1.6942594 1.6737728 
Haliclona_tubifera|GFAV01007619.1|p1                                                    1.6068363 0.8605873 1.7539420 1.9449461 1.5957313 1.1230936 1.2213464 1.2339731 1.6601422 1.7260371 1.6903483 1.6043953 0.0000000 1.7986417 1.7938656 1.5312611 1.7099859 1.6267892 1.6420272 1.7049185 1.0142464 1.0185023 1.7679116 1.9452783 1.8486363 2.0684807 2.3173210 
Halisarca_caerulea|GFSI01014458.1|p1                                                    1.5918179 1.8220219 2.0151805 2.0741471 0.2310023 1.5144121 1.7139936 1.5840007 1.8426159 2.1376892 1.9554344 1.9893552 1.7986417 0.0000000 0.3537375 1.6031715 1.9697801 1.8209444 1.9177127 1.8167230 1.7324526 1.9107799 1.8349838 2.3121289 1.8554517 2.2548331 2.3293703 
Halisarca_dujardinii|GIFI01118229.1|p1                                                  1.6451664 1.7245002 2.1028559 2.1996142 0.3588633 1.5076193 1.6862220 1.6163120 1.8780356 2.1862043 1.9427266 1.9667089 1.7938656 0.3537375 0.0000000 1.7056294 1.9352280 1.8589467 1.9860986 1.9366107 1.6017921 1.8416633 1.8980467 2.1474415 1.9521520 2.3213420 2.3370993 
Ircinia_fasciculata|comp79702_c0_seq1|p1                                                1.2363285 1.4534330 1.3715460 1.4710834 1.5040052 1.5785958 1.6950751 1.5800963 1.3079179 1.5872262 1.3051187 1.2911144 1.5312611 1.6031715 1.7056294 0.0000000 1.1974863 1.2034082 1.2598882 1.2937676 1.5236925 1.6078656 1.1735950 1.4398248 1.4334846 1.3959336 1.3709776 
Lamellibrachia_luymesi|FUN_033246-T1                                                    1.0385284 1.6811065 1.1061971 1.2701677 1.8854102 1.5497044 1.8352017 1.6771524 0.9814943 0.9104847 0.9520439 0.9189476 1.7099859 1.9697801 1.9352280 1.1974863 0.0000000 0.8806896 0.9498033 0.9118163 1.6960793 1.6506905 0.1467083 1.3014754 1.0523431 1.7399707 1.8242095 
Lumbriculus_variegatus|GIWA01114918.1|p1                                                0.9031810 1.6574512 0.5781065 1.3825344 1.7412122 1.6222398 1.8082256 1.7394244 0.3950719 0.7703503 0.4410299 0.7837899 1.6267892 1.8209444 1.8589467 1.2034082 0.8806896 0.0000000 0.4051371 0.3915303 1.6944514 1.6196033 0.8910391 1.4575079 0.9866971 1.6373210 1.6716281 
Lumbricus_castaneus|GGRB01015146.1|p1                                                   0.9447502 1.9246385 0.3683151 1.4566839 1.7897230 1.7651797 1.8335957 1.8504266 0.1776155 0.7571261 0.2604427 0.7540372 1.6420272 1.9177127 1.9860986 1.2598882 0.9498033 0.4051371 0.0000000 0.0475395 1.7553919 1.7866971 0.9848730 1.5498688 0.9911393 1.6456219 1.5784572 
Lumbricus_rubellus|GIFV01044038.1|p1                                                    0.9376554 1.8682333 0.3697401 1.4535655 1.7374634 1.7467630 1.8170286 1.8326629 0.1547534 0.7509298 0.2552944 0.7221919 1.7049185 1.8167230 1.9366107 1.2937676 0.9118163 0.3915303 0.0475395 0.0000000 1.7774717 1.7597998 0.9263035 1.5426595 0.9719763 1.6517801 1.6084817 
Neopetrosia_compacta|GIYW01007509.1|p1                                                  1.7679570 0.9186706 1.9066254 2.0248258 1.5553530 1.0226719 0.9655861 1.0163702 1.6795916 1.7720009 1.8497872 1.7490157 1.0142464 1.7324526 1.6017921 1.5236925 1.6960793 1.6944514 1.7553919 1.7774717 0.0000000 0.4883191 1.6885222 1.9873412 1.9447079 2.1591751 2.0609694 
Neopetrosia_compacta|GIYW01054291.1|p1                                                  1.7364177 0.8865192 1.9108360 1.8808318 1.7928554 1.0075591 1.0098546 1.0467407 1.6661154 1.7532641 1.7605898 1.7050496 1.0185023 1.9107799 1.8416633 1.6078656 1.6506905 1.6196033 1.7866971 1.7597998 0.4883191 0.0000000 1.6934775 1.9330812 1.9840618 2.1016658 2.1573075 
Paraescarpia_echinospica|GHDL01085970.1|p1                                              1.0623573 1.6487404 1.1654288 1.3222125 1.7490242 1.5808962 1.8981167 1.6845867 0.9990686 0.9512330 0.9729848 0.9268401 1.7679116 1.8349838 1.8980467 1.1735950 0.1467083 0.8910391 0.9848730 0.9263035 1.6885222 1.6934775 0.0000000 1.3154433 1.0271114 1.6429581 1.7872355 
Physcomitrium_patens|XP_024395494.1|cycloartenol-C-24-methyltransferase_1-like|OUTGROUP 1.4472976 1.7742961 1.6054607 0.5812503 2.0577732 1.5407349 1.6724114 1.6145922 1.5211861 1.5047237 1.4908178 1.4693062 1.9452783 2.3121289 2.1474415 1.4398248 1.3014754 1.4575079 1.5498688 1.5426595 1.9873412 1.9330812 1.3154433 0.0000000 1.5048093 1.4876045 1.4447176 
Platynereis_dumerilii|HALR01229039.1|p1                                                 0.2690340 1.8251413 1.1278838 1.4854969 1.9093213 1.7522950 1.7970931 1.8131929 1.0056787 1.2149584 1.0178878 1.1796124 1.8486363 1.8554517 1.9521520 1.4334846 1.0523431 0.9866971 0.9911393 0.9719763 1.9447079 1.9840618 1.0271114 1.5048093 0.0000000 1.6838865 1.5978147 
Puccinia_graminis|XP_003321161.1|sterol_24-C-methyltransferase|OUTGROUP                 1.5772191 2.2107060 1.6944068 1.2812101 2.0462441 1.8399005 1.8479291 1.8567683 1.5744283 1.9631617 1.7843964 1.6942594 2.0684807 2.2548331 2.3213420 1.3959336 1.7399707 1.6373210 1.6456219 1.6517801 2.1591751 2.1016658 1.6429581 1.4876045 1.6838865 0.0000000 0.7276044 
Puccinia_graminis|XP_003335809.1|sterol_24-C-methyltransferase|OUTGROUP                 1.4721909 2.2071677 1.6661708 1.2280193 2.1440113 1.8219249 2.0248186 1.8295111 1.5360418 1.8966604 1.7360644 1.6737728 2.3173210 2.3293703 2.3370993 1.3709776 1.8242095 1.6716281 1.5784572 1.6084817 2.0609694 2.1573075 1.7872355 1.4447176 1.5978147 0.7276044 0.0000000 
